0,88올림픽선,0120,80
0,경인선,1200,100
0,고창담양선,0140,100
0,남해선,0100,100
0,남해제1지선,1020,100
0,남해제2지선,1040,100
0,당진대전선,0301,110
0,대구포항선,0200,100
0,대전남부순환선,3000,100
0,동해선,0650,100
0,봉담동탄선,4000,100
0,부산울산선,0651,100
0,서울양양선,0600,100
0,서울외곽순환선,1000,100
0,서천공주선,1510,100
0,순천완주선,0270,100
0,영동선,0500,100
0,익산장수선,0201,100
0,인천국제공항선,1300,100
0,제2경인선,1100,100
0,중부내륙지선,4510,100
0,중부선,0352,110
0,중부선(대전통영),0351,100
0,중앙선,0550,100
0,중앙선지선,5510,100
0,청주상주선,0300,110
0,평택제천선,0400,100
0,평택화성선,0170,100
0,호남선,0251,100
0,호남선지선,2510,100
1,경부선,0010,127.169403,36.827209,127.171595,36.830145,110
1,경부선,0010,127.169403,36.827209,127.166504,36.821648,100
1,서해안선,0150,126.898128,37.279581,126.898494,37.280440,100
1,서해안선,0150,126.898128,37.279581,126.896585,37.275846,110
1,중부내륙선,0450,128.266434,36.159407,128.266820,36.155223,100
1,중부내륙선,0450,128.266434,36.159407,128.265919,36.164037,110